let vocabsize:Int = 30
let numdocs:Int = 25
let numtopics:Int = 10

let docs:[(Int,Int)] = [(4,1),(5,3),(6,2),(15,1),(21,1),(24,1),(28,1),(10,4),(12,1),(13,1),(21,1),(22,1),(28,2),(0,1),(5,1),(8,2),(14,3),(21,1),(25,1),(27,1),(0,1),(3,1),(5,1),(10,3),(11,2),(26,2),(12,1),(15,1),(23,5),(27,2),(29,1),(11,2),(13,1),(15,2),(17,1),(23,1),(26,1),(27,1),(29,1),(5,1),(15,1),(17,3),(18,1),(24,2),(27,2),(11,2),(12,1),(15,1),(16,1),(20,1),(23,3),(27,1),(2,1),(4,1),(5,1),(6,2),(10,1),(12,1),(18,2),(21,1),(5,1),(6,1),(11,3),(26,2),(27,2),(29,1),(6,1),(8,1),(11,1),(12,1),(15,1),(17,1),(20,1),(21,1),(22,2),(2,1),(7,2),(8,1),(11,1),(14,1),(19,1),(21,2),(25,1),(3,1),(4,1),(5,2),(10,1),(13,1),(21,2),(22,1),(28,1),(6,2),(12,2),(18,1),(22,1),(23,2),(24,2),(4,1),(5,2),(6,3),(17,2),(18,2),(4,1),(5,2),(8,1),(11,1),(12,2),(15,1),(18,1),(27,1),(4,1),(6,1),(8,1),(10,5),(16,1),(17,1),(10,5),(19,1),(21,3),(22,1),(5,2),(8,1),(11,2),(15,2),(27,3),(0,1),(4,1),(6,2),(8,1),(12,2),(15,1),(21,2),(5,2),(11,3),(15,2),(17,2),(27,1),(10,2),(11,1),(14,2),(21,3),(25,2),(2,1),(5,2),(6,2),(11,3),(19,1),(29,1),(10,1),(11,1),(15,1),(18,2),(19,1),(20,1),(26,1),(28,1),(29,1),(6,1),(8,1),(11,1),(12,2),(13,1),(23,3),(24,1)]

let docids:[Int] = [0,0,0,0,0,0,0,1,1,1,1,1,1,2,2,2,2,2,2,2,3,3,3,3,3,3,4,4,4,4,4,5,5,5,5,5,5,5,5,6,6,6,6,6,6,7,7,7,7,7,7,7,8,8,8,8,8,8,8,8,9,9,9,9,9,9,10,10,10,10,10,10,10,10,10,11,11,11,11,11,11,11,11,12,12,12,12,12,12,12,12,13,13,13,13,13,13,14,14,14,14,14,15,15,15,15,15,15,15,15,16,16,16,16,16,16,17,17,17,17,18,18,18,18,18,19,19,19,19,19,19,19,20,20,20,20,20,21,21,21,21,21,22,22,22,22,22,22,23,23,23,23,23,23,23,23,23,24,24,24,24,24,24,24]

-- True parameter values
-- let thetas = [
--[0.223550690831,2.43669607238e-05,2.91720838782e-09,2.55146633731e-14,0.0268133923599,0.430137301372,0.31883972495,2.70259822236e-08,0.000633332598244,1.16098486654e-06,]
--[3.76886982355e-12,0.000738585325648,0.0195008793268,9.69451080789e-05,2.32392000627e-07,0.973522838352,1.26448124632e-06,0.000154906809534,0.00180519756373,0.00417915063723,]
--[0.2105346683,1.17817252879e-07,0.00360427268376,0.773869826279,1.78018601623e-05,2.81401625452e-08,2.82665070039e-06,1.48172314464e-10,0.0119684493461,2.0087747567e-06,]
--[0.000585915743512,2.10848968667e-07,2.20898940637e-10,5.86818175657e-07,0.000123901044676,0.440674933372,0.000436155470108,2.25884169328e-05,0.556250290849,0.00190541721528,]
--[6.80184156329e-24,1.91043976581e-09,0.000246799237433,1.141643966e-05,1.71370995858e-05,0.0485499696998,0.0722555900497,4.24081725332e-12,7.51055604314e-09,0.878919078049,]
--[0.665225986143,6.86976465759e-07,1.13129329636e-05,4.31055448289e-16,3.81223503687e-28,0.0245765327539,7.76228866842e-07,0.058768274618,0.119221262586,0.132195167761,]
--[0.640291786102,6.93446273083e-06,7.92947515609e-15,0.00102641490041,0.0814678511827,0.000173053681566,0.0396107760282,0.237404267384,1.22616545802e-05,6.6546033966e-06,]
--[0.000279645434395,8.58290334802e-07,0.0156837146999,0.0563608213522,2.0456848538e-08,0.00118192603349,0.000169969700759,0.516386650061,0.198413813921,0.21152258005,]
--[2.60653214628e-05,2.31288655568e-06,1.0814012089e-05,8.13048638192e-06,0.0418519669734,0.093391225535,0.53056090233,0.332505312694,0.00162725352094,1.60162404946e-05,]
--[0.050170336625,0.0673148099184,6.69658530267e-07,0.00302557492445,6.97350004476e-08,0.0208582911106,0.0616745314527,9.31555509334e-05,0.53345433866,0.263408222365,]
--[5.77289577696e-11,0.078055367225,0.1461026106,0.0566780989557,2.9077247909e-13,0.104601612408,0.018076257668,0.596485790223,2.62861578855e-07,8.53138960434e-16,]
--[0.0300925214116,0.676204324273,1.27928039511e-06,0.0307043360243,1.50862613201e-14,0.015368090906,0.0491876154151,0.0612032971129,7.06186108818e-18,0.137238535576,]
--[5.3165663416e-06,0.00226664468927,5.81551539588e-06,1.21159087471e-07,0.00161243463528,0.684072457406,0.208473987259,6.12804708979e-15,0.048571565633,0.0549916571365,]
--[9.16183796826e-06,1.59166209942e-05,1.12457437558e-07,3.24767790354e-09,0.156589659641,1.46760979725e-16,0.148749955524,0.394041444021,5.56063593361e-07,0.300593190587,]
--[0.00292662283937,3.24078315345e-14,7.75769767834e-05,0.0160092362131,5.57306186035e-06,0.0162693171916,0.817009667963,0.142065335028,0.00563647409942,1.96627150503e-07,]
--[0.728495669501,0.0393477421006,0.0385177404093,9.59971919223e-08,1.60591815689e-11,0.00924144801742,9.89586266455e-09,0.0453009203026,0.0770575576718,0.0620388160878,]
--[3.16552469143e-05,4.76111799968e-06,0.0714759271542,6.75510156824e-12,0.00111189046304,0.814910268512,0.00453771254591,0.000476550655705,1.4233956144e-06,0.107449810902,]
--[1.72620109034e-15,0.0673175397518,0.00291438722961,0.000252740650549,0.218683182547,0.701100796851,4.11678620914e-05,7.40002944942e-14,0.00223279516755,0.00745738994057,]
--[0.974376472255,1.45462616224e-10,4.98819038303e-10,0.00866074315259,0.0133249105705,5.09294108684e-05,0.00358582846699,2.37760691651e-07,2.61880553925e-12,8.77736038139e-07,]
--[0.0207663923246,1.49227377972e-05,0.0136372434375,0.439069154259,1.02444222732e-05,0.505569562752,4.41065214141e-07,1.79385227842e-06,0.0209302451483,1.4553907369e-12,]
--[0.265264065316,2.82643678943e-28,0.256510360178,0.0613302380332,9.18362380883e-28,8.7134275802e-13,0.0438701872786,0.372116638722,4.64279236385e-05,0.000862082547634,]
--[0.0757903684658,0.000331433084161,3.83124867467e-05,0.186279570708,7.37097003106e-08,0.737147434072,4.93101142899e-09,1.45586880425e-06,4.00292444012e-07,0.000410946382116,]
--[3.03122808789e-10,0.536934531216,0.000908210289009,6.67017548536e-08,0.00768803731173,0.000389988159039,0.339376798083,2.55021427384e-11,0.113962366761,0.00074000114964,]
--[0.0737643435826,8.25726465529e-11,0.000447379139895,0.0315337288871,0.0604893564238,1.31065637474e-15,6.4339982249e-05,3.58343580967e-13,0.753996161365,0.0797046905361,]
--[2.99181289621e-11,3.03849544978e-10,1.41786345326e-13,6.92147135113e-12,0.028811266841,2.41677969551e-07,0.30430361939,0.0928663834269,0.233265058822,0.340753429502,]
--]
-- let phis = [
--[4.25936970815e-08,0.00251097982373,0.000571347800054,0.00126245348942,0.000817556992979,0.190493698089,0.00894894411596,0.00642196537909,0.0105373701528,0.016836581168,2.08995183909e-07,0.131139973779,0.00634809929087,0.0116630533738,0.000856648341318,0.205785499217,1.94655553359e-05,0.0269347296976,0.0636916196402,2.42559304533e-06,2.82499098444e-07,4.0078880134e-05,0.0182881537331,4.01899948167e-06,0.000901730955156,0.00105915969716,0.0182478218647,0.275959989288,1.21034063166e-05,0.000643997588917,]
--[0.000143879888338,1.71383298831e-09,0.0309071932833,0.00296241398091,0.0244809946863,0.0423588547018,0.128090564253,0.103242597332,0.0213181099954,1.5399246294e-07,4.95562282186e-09,0.101962450072,0.00730416035977,0.0136836425232,0.0313302549044,0.128130340224,0.0211475347161,1.40624906991e-08,0.100073914435,0.148975068152,1.25482677576e-07,0.00011651151892,0.00972076791263,2.82019830921e-09,3.71908962305e-05,0.0146013800153,0.000183824097414,0.000652747546088,0.0680715702779,0.00050373120098,]
--[0.000477711941511,0.0209735366514,1.03960725195e-07,0.0106705804441,0.00269673580133,3.37073342716e-05,0.0453672378763,0.00492706599423,0.0802160250519,8.65177444164e-06,7.62826131409e-05,0.144517237845,0.000379590755656,0.0477837834559,0.00685585036772,0.000516669509946,0.263021887451,5.16390637356e-05,0.00491192815809,0.0159675743632,0.000231456471284,0.00299353963017,0.301984887958,0.0122569328816,0.00941470766705,0.000140060594685,0.00189376245962,5.32449610597e-05,5.578346775e-07,0.0215770491279,]
--[0.240850303157,5.49320378354e-06,0.0084223217332,2.61819754516e-05,0.00514268858423,0.0333279227802,0.140563580945,0.00664902077313,0.0666396231117,0.00328265406999,7.8685090441e-05,0.000186143430539,2.17082262721e-06,0.0023975339015,0.158138180347,0.00502703735103,2.73439102383e-06,6.20268247012e-05,0.0856025245212,0.00513396708426,1.42002728249e-09,0.024184578641,0.00883297565638,1.2403737083e-05,0.0265188649114,0.093145639495,0.00828249422989,0.0280594795601,0.0493676189301,5.51493214614e-05,]
--[0.0115889841676,6.29721029952e-09,0.0171169860544,0.0521547120834,0.0212195161557,5.9929442018e-08,2.52456246372e-05,0.00565997700362,3.2169813511e-05,0.0248683265035,0.0667689015691,0.0156837684341,3.44425514782e-06,0.0479263310946,0.00297778479527,0.0189283310135,0.010945252753,0.00379048395798,0.120513358081,0.187221734182,0.0246772815334,0.00654747757029,0.190211947865,0.0304513677893,9.20716924743e-05,6.18366151455e-06,3.77715845652e-13,1.98156489036e-06,0.10807959094,0.0325067236128,]
--[0.010141320601,0.000631369642305,3.67580510998e-05,0.00659079971725,0.0458532293312,0.0230120585119,0.102459371927,0.00230264179542,0.00173438748087,0.0113521569539,0.360025245788,0.00787236730289,0.100020525,0.0039802954397,0.000558686252912,0.00588666877246,0.0180181990096,0.0382925767633,0.026128113731,0.00136217623948,0.0019144183344,0.144691943185,0.0472642290789,0.000124997353016,0.000889807664377,5.30232064046e-06,2.96516265246e-07,0.00188726533107,0.0320848201527,0.00487797175306,]
--[1.66902356089e-07,0.0415295949572,0.026454022097,0.00638259525224,8.53128590043e-08,0.207626768187,0.268272397787,4.7398012459e-07,0.0659704170266,8.4986355627e-13,0.00678313778274,0.00918629695537,8.94703456932e-05,0.000132884955227,2.65337681724e-05,0.00309227989945,0.0102542857771,1.48863316123e-05,0.110805537859,2.65192767299e-05,0.019898272473,4.11407635309e-07,0.0412598624759,0.0854060697109,0.092097027485,0.00117573392907,4.00297993207e-06,0.003147796684,5.8433249377e-06,0.000356625075595,]
--[0.000242953822158,0.000528517653058,0.00627627013293,0.00553850984661,0.0181542053544,0.00331498908407,0.07474086137,0.00189925267777,2.03606624332e-05,0.000157468494835,0.00145544825749,0.0545672359519,0.149414624133,0.000860870766729,6.64074631687e-10,0.0109807278455,1.02262635124e-09,0.248708370652,9.96868854773e-05,0.0229298157131,0.0650665448964,0.105976147374,0.0209411095065,0.00103398308485,0.203518977732,3.02827166781e-05,0.000535645021384,3.45815539688e-12,0.000498118115102,0.0025090205598,]
--[0.0285351308607,5.9118750085e-06,9.29645478741e-07,0.027583414009,0.00831793737565,0.0220533550518,0.0304080326263,0.0103479024267,1.84256129414e-11,1.27880221997e-06,0.0151983122969,0.222743485004,0.00239253434078,1.12001007621e-06,0.000127872857732,2.46831487345e-18,0.0245963293545,0.00041935430857,0.109609674492,0.037774879246,0.0317912200745,9.48679162006e-05,0.00110033824849,2.11787108326e-05,0.00701497016416,1.48930138947e-07,0.198850294288,0.000707886722788,8.2428800723e-09,0.2203016321,]
--[4.71714548266e-07,0.000146956357179,0.00126544387078,0.00605797128128,0.00400780280134,1.5338225715e-05,0.0121207253192,0.00423557126632,2.18085251132e-05,8.28711810476e-12,6.33064950272e-05,0.001712242489,0.203318332513,0.000532967205432,2.68797547445e-06,0.0316755541859,7.76701614387e-05,0.00449699925852,0.0001321331764,0.00380473285989,0.0302269741483,1.55371912859e-05,0.0383034574274,0.432018062046,2.35067192455e-05,0.000127946417662,0.018039907688,0.181171881319,0.00264584620014,0.0237381651529,]
--]
